group,u,s,m,l
real,0.038257512,0.289419892,0.340097911,0.332224685
real,0.034517551,0.221624748,0.344687141,0.39917056
real,0.037812739,0.213121732,0.337114388,0.411951142
real,0.047324021,0.255868413,0.334116065,0.362691502
real,0.035929887,0.223856377,0.338723054,0.401490682
real,0.040371097,0.260812133,0.341977034,0.356839736
real,0.053778355,0.270261424,0.329275847,0.346684374
real,0.046892322,0.277469201,0.33417741,0.341461066
real,0.051287442,0.266633479,0.331764221,0.350314858
real,0.04773198,0.263587679,0.334610754,0.354069587
real,0.037575172,0.211647417,0.337098125,0.413679285
real,0.056738988,0.270666521,0.328255185,0.344339306
real,0.056089833,0.27025491,0.3297909,0.343864357
real,0.046802525,0.267246169,0.337598249,0.348353056
real,0.05509596,0.254698583,0.324242474,0.365962984
real,0.053213259,0.255223794,0.328290078,0.363272869
real,0.049696463,0.240354726,0.334195123,0.375753687
real,0.049355037,0.266754544,0.333894771,0.349995647
real,0.048956384,0.267820148,0.33336086,0.349862609
real,0.042643511,0.267106795,0.336597184,0.353652509
real,0.043919406,0.23983597,0.332814985,0.383429639
real,0.051019876,0.265710453,0.33346601,0.349803661
real,0.034362385,0.210612822,0.318488683,0.43653611
real,0.041443369,0.232017336,0.333401371,0.393137924
real,0.039020145,0.218523001,0.33056158,0.411895274
real,0.045885164,0.251028918,0.332572697,0.370513221
real,0.052585588,0.27077167,0.330755028,0.345887714
real,0.045493057,0.253849309,0.337582981,0.363074652
real,0.030876177,0.236394709,0.341818029,0.390911085
real,0.02882485,0.245051241,0.344925005,0.381198904
real,0.02701991,0.23603666,0.345914075,0.391029355
real,0.014653365,0.195017454,0.35222134,0.438107842
real,0.05043924,0.275858935,0.332362755,0.34133907
real,0.030760378,0.242214863,0.342940204,0.384084555
real,0.052343103,0.270521922,0.33177473,0.345360245
real,0.034642143,0.19640244,0.328128854,0.440826563
real,0.050598686,0.252627628,0.333183573,0.363590113
real,0.052809999,0.241583973,0.325317006,0.380289022
real,0.048900363,0.235760927,0.332697298,0.382641412
real,0.042085862,0.223490203,0.332974775,0.40144916
real,0.047918589,0.269598611,0.336828485,0.345654314
real,0.038753714,0.267404876,0.337542819,0.356298591
real,0.035412488,0.302611701,0.341309996,0.320665815
real,0.044950631,0.272157905,0.337391089,0.345500374
real,0.045777573,0.275265781,0.33749208,0.341464566
real,0.046568231,0.275928127,0.335925767,0.341577875
real,0.040189522,0.266827458,0.339324045,0.353658975
real,0.051165235,0.26481339,0.332782146,0.351239229
real,0.049833717,0.26162407,0.333198245,0.355343968
real,0.039352636,0.253346338,0.341186468,0.366114557
real,0.051080126,0.269427111,0.332048075,0.347444688
real,0.050925201,0.264981677,0.332468112,0.351625011
real,0.039721563,0.223093939,0.336968145,0.400216354
real,0.042887876,0.262686618,0.335102045,0.359323461
real,0.053405903,0.268723224,0.329114261,0.348756613
real,0.05168554,0.266770638,0.33078829,0.350755532
real,0.038068504,0.279938017,0.339837228,0.34215625
real,0.050913967,0.254885274,0.330045661,0.364155098
real,0.054196192,0.270576592,0.329593567,0.345633649
real,0.043708205,0.231970069,0.331929763,0.392391964
real,0.042358844,0.220576117,0.327004574,0.410060465
real,0.051913584,0.267398273,0.330328427,0.350359715
real,0.048035619,0.242635489,0.330287302,0.37904159
real,0.045671487,0.26383686,0.333130031,0.357361622
real,0.025928038,0.241171222,0.34551814,0.387382601
real,0.04908116,0.268576889,0.333451446,0.348890506
real,0.044889131,0.263387693,0.335392225,0.356330951
real,0.029246146,0.219888697,0.34584215,0.405023007
real,0.044306804,0.263057557,0.33374052,0.358895119
real,0.026492107,0.237641275,0.348165073,0.387701545
real,0.04205263,0.26008486,0.335195866,0.362666644
real,0.042121619,0.261871349,0.33472789,0.361279142
real,0.046572292,0.253598753,0.333581633,0.366247322
real,0.047265,0.258338445,0.334360624,0.360035932
real,0.036426521,0.210925476,0.338928753,0.41371925
real,0.036881665,0.250459549,0.343993804,0.368664983
real,0.03961689,0.283231048,0.338107758,0.339044303
real,0.04258033,0.248408003,0.337177696,0.371833971
real,0.045940494,0.292404881,0.332862785,0.32879184
real,0.034713283,0.186013782,0.329330837,0.449942097
real,0.040656985,0.220604462,0.338354702,0.400383851
real,0.047368669,0.245053802,0.333269506,0.374308023
real,0.03118841,0.208602313,0.345894022,0.414315255
real,0.038427093,0.229158966,0.342715203,0.389698738
real,0.039367328,0.23208951,0.340606833,0.387936329
real,0.050506048,0.26470256,0.332015841,0.35277555
real,0.047828923,0.275481448,0.33689782,0.339791809
real,0.056256567,0.268635568,0.327360212,0.347747653
real,0.042709273,0.203707212,0.327966174,0.42561734
real,0.044580316,0.220510816,0.335127266,0.399781601
real,0.047926556,0.218012616,0.322597011,0.411463817
real,0.054872158,0.257503488,0.330773914,0.356850441
real,0.053199013,0.264967405,0.330090192,0.35174339
real,0.041499347,0.221862552,0.330902126,0.405735975
real,0.051073502,0.254868193,0.329811105,0.3642472
real,0.050347352,0.255308496,0.330742784,0.363601368
real,0.039975807,0.265589666,0.33743394,0.357000587
real,0.044410249,0.273030834,0.335448642,0.347110275
real,0.051028905,0.245855815,0.329874334,0.373240946
real,0.042569119,0.280049324,0.337511968,0.339869589
real,0.047987229,0.285395845,0.33491822,0.331698706
real,0.026836863,0.206217906,0.358186321,0.408758911
real,0.040040432,0.237577523,0.343701874,0.378680171
real,0.041865395,0.228174319,0.346733221,0.383227065
real,0.035882905,0.24822371,0.337760564,0.378132821
real,0.036744976,0.289818699,0.338446908,0.334989417
real,0.045677066,0.266050025,0.335525517,0.352747393
real,0.045457756,0.271100711,0.335483509,0.347958025
real,0.045458466,0.291485963,0.334161284,0.328894286
real,0.056368096,0.260648322,0.326637295,0.356346287
real,0.053471153,0.261856993,0.329824383,0.354847471
real,0.052547471,0.264740421,0.33125725,0.351454859
real,0.045035256,0.287103399,0.333890236,0.333971109
real,0.043029592,0.231366369,0.337443551,0.388160489
real,0.045182827,0.23191779,0.336297611,0.386601772
real,0.031258514,0.188861499,0.342454059,0.437425928
real,0.041068882,0.219644724,0.336901119,0.402385276
real,0.032219914,0.251050672,0.342296541,0.374432873
real,0.034451531,0.187632808,0.340015983,0.437899679
real,0.0494375,0.260770833,0.332898019,0.356893648
real,0.050726415,0.246444293,0.33421362,0.368615671
real,0.045402688,0.249761348,0.334499883,0.370336081
real,0.048224208,0.246853306,0.32940598,0.375516506
real,0.047202416,0.265911251,0.336783928,0.350102405
real,0.050409579,0.2583316,0.331801887,0.359456934
real,0.049202614,0.237469689,0.332525694,0.380802004
real,0.048913115,0.239539906,0.332737766,0.378809213
real,0.048520848,0.248643565,0.331973671,0.370861917
real,0.052260858,0.25396234,0.331755572,0.362021231
real,0.041681076,0.298203444,0.341484154,0.318631325
real,0.047610608,0.261860789,0.334702356,0.355826248
real,0.055243176,0.270427858,0.32924533,0.345083636
real,0.048291764,0.266093549,0.332216307,0.353398381
real,0.045112221,0.279143374,0.337506006,0.338238399
real,0.050855753,0.28187392,0.333410484,0.333859844
real,0.045526696,0.274387225,0.335214864,0.344871216
real,0.045018557,0.180568512,0.312854239,0.461558692
real,0.053813754,0.269384981,0.33028789,0.346513375
real,0.048816253,0.267664594,0.333139432,0.350379721
real,0.038665498,0.253246457,0.325014445,0.3830736
real,0.04081482,0.241114099,0.329087591,0.38898349
real,0.046717052,0.252430454,0.333033753,0.367818741
real,0.031637359,0.264306663,0.339744829,0.364311149
real,0.035501701,0.278986706,0.338478485,0.347033108
real,0.050346885,0.268496483,0.333132901,0.348023731
real,0.054609884,0.275016044,0.329097243,0.341276829
real,0.041543185,0.260154959,0.337196488,0.361105368
real,0.028274788,0.227530109,0.343471803,0.400723299
real,0.053920887,0.267908393,0.330302161,0.347868559
real,0.055419369,0.270121395,0.329163626,0.34529561
real,0.058159198,0.271521256,0.327620186,0.34269936
real,0.044300331,0.260784425,0.335712637,0.359202606
real,0.041110234,0.253679722,0.334954849,0.370255195
real,0.046562722,0.250255095,0.335332048,0.367850135
real,0.048279601,0.255410868,0.333500152,0.36280938
real,0.047643834,0.256538435,0.334187663,0.361630067
real,0.034384112,0.247601322,0.339276512,0.378738054
real,0.036038712,0.25225325,0.34490855,0.366799487
real,0.038155947,0.26122443,0.345037459,0.355582165
real,0.046589393,0.259370755,0.334609224,0.359430628
real,0.042027229,0.26589561,0.343179595,0.348897565
real,0.033911455,0.241280213,0.345236172,0.379572161
real,0.051020122,0.238138152,0.326813059,0.384028667
real,0.052193758,0.267790817,0.330142879,0.349872545
real,0.044556062,0.243935055,0.337781576,0.373727307
real,0.046831263,0.263678501,0.333265489,0.356224747
real,0.037208383,0.227577401,0.340867574,0.394346643
real,0.044957655,0.27169681,0.337019119,0.346326416
real,0.038144215,0.228794957,0.33074639,0.402314439
real,0.047810581,0.25423328,0.329591423,0.368364717
real,0.032221954,0.209346981,0.329222272,0.429208793
real,0.030924878,0.214799512,0.334721951,0.419553659
real,0.033975372,0.215840366,0.331219654,0.418964607
real,0.032996335,0.215229169,0.332196323,0.419578172
real,0.036762917,0.233016385,0.334247945,0.395972753
real,0.039789483,0.225474268,0.344246911,0.390489338
real,0.040628791,0.279672353,0.337993288,0.341705568
real,0.046849298,0.228293653,0.337069256,0.387787793
real,0.043932546,0.243551626,0.340165291,0.372350537
real,0.051850196,0.224632875,0.321911445,0.401605484
real,0.055394676,0.263344975,0.329182935,0.352077414
real,0.055763283,0.272076286,0.330341215,0.341819216
real,0.039742079,0.248906774,0.339039657,0.372311491
real,0.052034679,0.230837569,0.320262581,0.396865171
real,0.047648141,0.239914242,0.334672356,0.377765261
real,0.046985807,0.257207189,0.333069887,0.362737117
real,0.05274937,0.246320473,0.32791469,0.373015466
real,0.047016061,0.259379704,0.333402629,0.360201605
real,0.049143866,0.262424112,0.331961617,0.356470404
real,0.04526696,0.26732679,0.33859312,0.34881313
real,0.042143846,0.223311052,0.333721182,0.40082392
real,0.033971089,0.246418573,0.3396918,0.379918538
real,0.04565203,0.231744549,0.328627402,0.393976018
real,0.053767075,0.215522954,0.295052506,0.435657465
real,0.034580827,0.251647986,0.338662558,0.375108629
real,0.053956495,0.26757355,0.328330125,0.350139831
real,0.051200594,0.262822909,0.332538123,0.353438374
real,0.054765092,0.26473004,0.330136332,0.350368536
real,0.027262269,0.343403858,0.338524449,0.290809424
real,0.031795367,0.281284515,0.349803535,0.337116584
real,0.030301598,0.25257714,0.339984103,0.377137159
real,0.03874223,0.201158393,0.325469857,0.43462952
real,0.040128092,0.218814924,0.338744771,0.402312213
real,0.046225447,0.233737814,0.334198595,0.385838144
real,0.057488087,0.270985996,0.327222122,0.344303795
real,0.058452995,0.27338866,0.325782977,0.342375368
real,0.033394513,0.235820599,0.345910091,0.384874796
real,0.033899006,0.23535269,0.343841911,0.386906393
real,0.026623922,0.191558927,0.357185748,0.424631403
real,0.042666545,0.268571759,0.33709448,0.351667217
real,0.0429125,0.268934908,0.336461791,0.351690801
real,0.039704096,0.221185823,0.328222402,0.41088768
real,0.05478301,0.262483216,0.328477525,0.354256249
real,0.032253254,0.18524733,0.331602922,0.450896494
real,0.038068796,0.221418342,0.33960741,0.400905452
real,0.027341138,0.146396339,0.321968283,0.50429424
real,0.045084872,0.252616281,0.335826629,0.366472217
real,0.031527521,0.240400029,0.346892937,0.381179513
real,0.038919128,0.255891979,0.340256457,0.364932436
real,0.037035221,0.253083843,0.34136978,0.368511156
real,0.041666025,0.218666003,0.33071827,0.408949702
real,0.040441432,0.249056734,0.338494134,0.3720077
real,0.047210971,0.256912842,0.335561256,0.36031493
real,0.048018794,0.239843737,0.334200513,0.377936956
real,0.051799956,0.264187282,0.33166009,0.352352673
real,0.043840869,0.22899146,0.338447062,0.388720609
real,0.035600446,0.205945984,0.337440319,0.421013252
real,0.035937259,0.213009543,0.33443662,0.416616578
real,0.023547105,0.151844865,0.325277529,0.4993305
real,0.023393281,0.164810423,0.33367164,0.478124656
real,0.018766136,0.159776404,0.337611051,0.483846409
real,0.022290915,0.161344517,0.334918557,0.481446012
real,0.023910516,0.173282212,0.338821698,0.463985575
real,0.041655998,0.261912721,0.335345012,0.361086269
real,0.053661139,0.261702436,0.329182969,0.355453456
real,0.050911895,0.266901337,0.331332215,0.350854553
real,0.049935469,0.26493913,0.330817435,0.354307967
real,0.037475756,0.256957133,0.340287945,0.365279166
real,0.03713579,0.277324758,0.346595383,0.338944069
real,0.04018226,0.262950607,0.337586922,0.359280211
real,0.028699104,0.196185835,0.340523873,0.434591189
real,0.047080653,0.273135412,0.332551345,0.34723259
real,0.03944261,0.243367281,0.338479826,0.378710283
real,0.050462881,0.268136521,0.333558202,0.347842396
real,0.039871577,0.259616872,0.341649335,0.358862217
real,0.042312284,0.266047253,0.34146725,0.350173212
real,0.046005904,0.238600102,0.329401306,0.385992688
real,0.03602997,0.218068116,0.340343709,0.405558205
real,0.040338006,0.226449074,0.33594934,0.39726358
real,0.043501605,0.268845764,0.339054971,0.34859766
real,0.053038933,0.261939605,0.329697163,0.355324299
real,0.048142334,0.259475716,0.333150677,0.359231273
real,0.039960521,0.256912585,0.336604194,0.3665227
real,0.045867645,0.281127522,0.336492534,0.336512299
real,0.050914649,0.26341961,0.330762878,0.354902862
real,0.053852261,0.233586284,0.315758966,0.396802489
real,0.051078459,0.233782731,0.319612774,0.395526037
real,0.054752979,0.258422254,0.328867973,0.357956795
real,0.037783473,0.246506036,0.340278402,0.375432089
real,0.02107934,0.12648198,0.319022719,0.53341596
real,0.04074573,0.234355378,0.34005213,0.384846761
real,0.053963714,0.267515197,0.330149914,0.348371175
real,0.037296832,0.314072703,0.33451325,0.314117215
real,0.055230225,0.265741955,0.327922318,0.351105503
real,0.053589139,0.255188707,0.326895192,0.364326962
real,0.051503467,0.255799947,0.331325906,0.36137068
real,0.05574798,0.269383268,0.329678443,0.34519031
real,0.049334986,0.256234951,0.331097419,0.363332644
real,0.049856802,0.267943652,0.331156655,0.351042891
real,0.05648955,0.273109231,0.328276134,0.342125086
real,0.046670947,0.268104637,0.333286662,0.351937754
real,0.056418488,0.247526941,0.318998715,0.377055857
real,0.021906077,0.155533365,0.340132723,0.482427835
real,0.049563023,0.256704588,0.330561601,0.363170789
real,0.050731767,0.276662457,0.33181716,0.340788616
real,0.033087581,0.192346479,0.337808515,0.436757424
real,0.048001985,0.252328345,0.335666677,0.364002993
real,0.042672759,0.236293034,0.335408329,0.385625878
real,0.044537804,0.235970008,0.338003089,0.3814891
real,0.040786523,0.25693447,0.337699283,0.364579723
real,0.046601089,0.231892821,0.3341576,0.38734849
real,0.044672596,0.258748035,0.33761064,0.358968729
real,0.039338641,0.269715046,0.337518064,0.353428248
real,0.029703096,0.202290597,0.343853637,0.42415267
real,0.039012439,0.212730512,0.340659239,0.40759781
real,0.053565208,0.266384132,0.329618746,0.350431915
real,0.041850825,0.255023086,0.335593335,0.367532754
real,0.049810772,0.265202307,0.332826751,0.35216017
real,0.045630303,0.214161018,0.331209988,0.408998691
real,0.052922713,0.254963211,0.330835239,0.361278837
real,0.046490418,0.263791687,0.333996256,0.355721639
real,0.048831478,0.271135319,0.334530114,0.345503089
real,0.030152701,0.227613422,0.347290591,0.394943286
real,0.045181432,0.257560706,0.334610406,0.362647457
real,0.050546095,0.240981325,0.330420881,0.3780517
real,0.0328455,0.187026746,0.335192953,0.444934801
real,0.045062683,0.23838703,0.330256081,0.386294207
real,0.039334651,0.201345881,0.344987173,0.414332296
real,0.040216169,0.251568013,0.339201267,0.369014551
real,0.048982892,0.226714487,0.329930002,0.394372619
real,0.048193045,0.20808184,0.313279333,0.430445782
real,0.05183059,0.246903989,0.327804592,0.373460829
real,0.048110545,0.217286103,0.324301289,0.410302063
real,0.030249689,0.215669766,0.338611741,0.415468804
real,0.052447467,0.268302983,0.331192341,0.348057209
real,0.030852641,0.201024417,0.336412444,0.431710498
real,0.042031083,0.199794744,0.331940859,0.426233314
real,0.034084358,0.211512032,0.337324415,0.417079196
real,0.031148025,0.225935081,0.345427005,0.39748989
real,0.045255935,0.197474424,0.325779149,0.431490492
real,0.043430004,0.20836182,0.331526001,0.416682176
real,0.050274201,0.267128826,0.331511493,0.351085479
real,0.043688419,0.255429194,0.337282006,0.363600381
real,0.053323027,0.26921157,0.329613158,0.347852245
real,0.054847164,0.268996606,0.327601089,0.348555141
real,0.046419729,0.221907386,0.332797457,0.398875428
real,0.045495675,0.23073915,0.335566227,0.388198948
real,0.034949114,0.247786151,0.341588958,0.375675776
real,0.030700044,0.230750776,0.345554639,0.39299454
real,0.033810484,0.211705171,0.343923663,0.410560682
real,0.039404756,0.263515355,0.342218899,0.354860989
real,0.051104367,0.217531685,0.324763214,0.406600734
real,0.044463837,0.241969094,0.329671467,0.383895603
real,0.028575322,0.233269296,0.342084932,0.39607045
real,0.052369871,0.263115736,0.331360486,0.353153907
real,0.0567078,0.269372098,0.328952018,0.344968085
real,0.053521313,0.264535478,0.331070472,0.350872737
real,0.051194217,0.26009601,0.332102945,0.356606828
real,0.039901069,0.241710099,0.339742778,0.378646054
real,0.046158692,0.263820674,0.337414716,0.352605918
real,0.024700133,0.157150567,0.338125633,0.480023667
real,0.050846982,0.268929442,0.331814909,0.348408667
real,0.040796484,0.237472662,0.333804098,0.387926756
real,0.050794041,0.244030311,0.330014357,0.375161291
real,0.050180222,0.251578403,0.330249848,0.367991527
real,0.051394021,0.286377867,0.331915645,0.330312467
real,0.049225147,0.241755449,0.329617551,0.379401853
real,0.057810419,0.270554244,0.328087237,0.3435481
real,0.056298831,0.270453391,0.328826354,0.344421424
real,0.054364475,0.267668411,0.328701951,0.349265162
real,0.045838106,0.261737832,0.33672743,0.355696632
real,0.028763015,0.227780489,0.348202014,0.395254482
real,0.05028356,0.257546989,0.330620131,0.36154932
real,0.045110693,0.261548772,0.334812025,0.35852851
real,0.030829633,0.233913592,0.324636503,0.410620272
real,0.035205871,0.242821085,0.328827047,0.393145997
real,0.058553047,0.267395581,0.326061389,0.347989984
real,0.044506894,0.254060377,0.331541912,0.369890816
real,0.033520433,0.233611943,0.336139378,0.396728246
real,0.047682786,0.259667104,0.334602378,0.358047732
real,0.039123759,0.247616946,0.335132669,0.378126626
real,0.049738788,0.256598599,0.331207338,0.362455275
real,0.049652015,0.244553711,0.3328518,0.372942475
real,0.046012399,0.207736432,0.320735708,0.425515462
real,0.045981559,0.307504795,0.33052072,0.315992926
real,0.045170765,0.230844582,0.319900479,0.404084174
real,0.031850546,0.228317434,0.332557782,0.407274238
real,0.037689682,0.242884183,0.331933991,0.387492145
real,0.032428113,0.198655264,0.325304061,0.443612561
real,0.032111683,0.197388567,0.323747573,0.446752177
real,0.028348644,0.205033597,0.348520485,0.418097274
real,0.032109813,0.227751593,0.345507055,0.394631539
real,0.051953291,0.2627597,0.330677419,0.354609589
real,0.037941363,0.246846519,0.340216669,0.374995449
real,0.044242626,0.258660452,0.336918895,0.360178027
real,0.036949806,0.245177064,0.341080931,0.3767922
real,0.040051754,0.250350106,0.338504046,0.371094094
real,0.045809516,0.26123365,0.337232054,0.355724779
real,0.042061516,0.256923962,0.338154231,0.36286029
real,0.040462279,0.249363795,0.340678204,0.369495722
real,0.0492954,0.284446289,0.331776247,0.334482065
real,0.048023351,0.246393856,0.333378833,0.37220396
real,0.034969944,0.29185242,0.336320675,0.33685696
real,0.050606983,0.230572774,0.318990723,0.399829519
real,0.050577766,0.26328049,0.332421997,0.353719747
real,0.038905333,0.259582394,0.338903319,0.362608955
real,0.045747338,0.218299208,0.328862204,0.407091249
real,0.03167996,0.203576637,0.3438202,0.420923203
real,0.041603677,0.255871703,0.336365622,0.366158999
real,0.04552745,0.216517536,0.323914333,0.414040681
real,0.045157702,0.256639235,0.335851135,0.362351928
real,0.041889294,0.224257717,0.333269046,0.400583944
real,0.035275516,0.214406691,0.339945252,0.410372542
real,0.04221967,0.207775027,0.32352097,0.426484333
real,0.017574204,0.18781474,0.342700491,0.451910565
real,0.044517291,0.301115684,0.337495742,0.316871284
real,0.051933654,0.260977259,0.333040112,0.354048976
real,0.044795621,0.228306477,0.335260352,0.391637551
real,0.036995254,0.207737092,0.340514978,0.414752676
real,0.054616782,0.258182707,0.327269339,0.359931172
real,0.046552699,0.243649541,0.330009846,0.379787914
real,0.0497736,0.248605458,0.328485204,0.373135738
real,0.047133551,0.252220448,0.331626239,0.369019763
real,0.044372388,0.235296214,0.331466103,0.388865295
real,0.039517798,0.226641298,0.327416996,0.406423908
real,0.052001314,0.276994712,0.330677791,0.340326183
real,0.050443007,0.251175288,0.328451472,0.369930233
real,0.054316694,0.27364257,0.329059563,0.342981173
real,0.054304617,0.267886096,0.329947969,0.347861318
real,0.054059588,0.269017983,0.330328578,0.34659385
real,0.040806063,0.244486693,0.338626972,0.376080271
real,0.039407793,0.24919068,0.340939556,0.37046197
real,0.025763921,0.220218789,0.350733805,0.403283485
real,0.035294967,0.240575825,0.343052019,0.381077188
real,0.040489623,0.252076021,0.338642175,0.368792181
real,0.045727821,0.256158707,0.334743782,0.36336969
real,0.050631849,0.257231639,0.332774131,0.359362382
real,0.051031559,0.246469452,0.3313851,0.371113889
real,0.041328891,0.216887303,0.339482419,0.402301387
real,0.05147036,0.258361338,0.330924159,0.359244143
real,0.05078288,0.263376024,0.334452119,0.351388977
real,0.047512292,0.235692709,0.328652003,0.388142996
real,0.048256094,0.268578707,0.332254105,0.350911094
real,0.042930993,0.221051962,0.32329058,0.412726464
real,0.044484903,0.20717226,0.315306298,0.433036539
real,0.044463733,0.221607042,0.320885492,0.413043733
real,0.051190445,0.270323721,0.333020448,0.345465386
real,0.04991944,0.257749671,0.3315737,0.360757189
real,0.033537426,0.246549435,0.344338594,0.375574545
real,0.032380674,0.239584098,0.346610633,0.381424596
real,0.039106398,0.232933652,0.342320414,0.385639536
real,0.03814141,0.252421771,0.342202571,0.367234248
real,0.03957291,0.259711719,0.340265825,0.360449546
real,0.034171546,0.244155694,0.344236731,0.377436029
real,0.03825274,0.252174277,0.341586279,0.367986704
real,0.053263114,0.263332208,0.330627726,0.352776952
real,0.037782448,0.1919265,0.318433756,0.451857297
real,0.044800772,0.273276726,0.331049634,0.350872868
real,0.044193088,0.274159688,0.334364276,0.347282948
real,0.021923328,0.227854369,0.351124696,0.399097606
real,0.053635347,0.233210718,0.325048557,0.388105378
real,0.034686522,0.334006996,0.337040925,0.294265557
real,0.037445494,0.245028738,0.338145169,0.379380599
real,0.035679244,0.248581823,0.338075144,0.377663789
real,0.034726102,0.247568082,0.337060569,0.380645248
real,0.03287601,0.240492383,0.340694461,0.385937146
real,0.051649488,0.263997734,0.332812299,0.351540478
real,0.041361201,0.289937599,0.335236795,0.333464406
real,0.046481062,0.21612894,0.331185119,0.406204879
real,0.046074814,0.207579471,0.332265548,0.414080168
real,0.033319424,0.161454256,0.313483724,0.491742596
real,0.042460018,0.243105375,0.339355812,0.375078795
real,0.053140855,0.270727472,0.329697334,0.34643434
real,0.055324276,0.268809595,0.329209315,0.346656814
real,0.045383743,0.278788271,0.338725787,0.3371022
real,0.053073955,0.268126918,0.329764147,0.34903498
real,0.049775926,0.277764715,0.332114228,0.34034513
real,0.056780853,0.270682517,0.327117258,0.345419372
real,0.038386781,0.245615131,0.335759431,0.380238657
real,0.042000473,0.290267796,0.334921458,0.332810273
real,0.041324254,0.291374218,0.336255458,0.331046069
real,0.041110607,0.266746119,0.333140379,0.359002895
real,0.04186787,0.284506139,0.335011716,0.338614275
real,0.051271571,0.256625678,0.332104518,0.359998234
real,0.050595644,0.224819862,0.314368317,0.410216177
real,0.033122625,0.227066522,0.34098116,0.398829692
real,0.044558595,0.268346692,0.337247623,0.34984709
real,0.040576398,0.243432708,0.336129357,0.379861537
real,0.034098944,0.281632133,0.340504737,0.343764187
real,0.036418626,0.29184534,0.337170484,0.33456555
real,0.044633002,0.248922081,0.335739174,0.370705744
real,0.037461544,0.331593523,0.342389234,0.2885557
real,0.043345358,0.283069653,0.337302378,0.336282611
real,0.04849242,0.268930552,0.334638177,0.347938851
real,0.04790148,0.283198439,0.332203833,0.336696248
real,0.026143345,0.224464721,0.347703271,0.401688664
real,0.029552569,0.236400675,0.346814433,0.387232323
real,0.034351267,0.24606571,0.343878418,0.375704605
real,0.035895556,0.251889087,0.341826683,0.370388673
real,0.045205684,0.255595042,0.336424157,0.362775117
real,0.042928816,0.22744963,0.324736566,0.404884989
real,0.043050489,0.233021513,0.339381823,0.384546175
real,0.049128675,0.263083588,0.332129964,0.355657773
real,0.048477334,0.256947717,0.328632827,0.365942122
real,0.03487076,0.203862079,0.338655881,0.42261128
real,0.045395963,0.240982791,0.332527798,0.381093448
real,0.047682057,0.252809409,0.333840623,0.365667912
real,0.020495909,0.19849189,0.341054242,0.439957959
real,0.036403794,0.20890077,0.332077527,0.422617909
real,0.046113227,0.286387165,0.337409207,0.330090401
real,0.040132762,0.251449353,0.344858988,0.363558897
real,0.057398725,0.275744095,0.329042791,0.337814389
real,0.057843169,0.269071134,0.3279533,0.345132397
real,0.02665157,0.209754171,0.343165689,0.42042857
real,0.047452306,0.230464875,0.323402035,0.398680784
real,0.03840177,0.29344454,0.33559233,0.332561361
real,0.059532851,0.271531765,0.326389572,0.342545812
real,0.046683663,0.252020535,0.333733118,0.367562684
real,0.045036612,0.259360246,0.336811391,0.358791752
real,0.0434157,0.238969891,0.344738491,0.372875919
real,0.049149149,0.261497666,0.333328571,0.356024614
real,0.048002979,0.258595958,0.33408754,0.359313523
real,0.051605294,0.264068191,0.331448901,0.352877614
real,0.050105772,0.264778222,0.33354882,0.351567186
real,0.047617335,0.25511288,0.334560256,0.362709529
real,0.04336095,0.252115139,0.337069908,0.367454003
real,0.046704741,0.254584426,0.334071004,0.364639828
real,0.055649211,0.234369876,0.31655938,0.393421534
real,0.057831103,0.249657379,0.314883876,0.377627642
real,0.03221562,0.251876447,0.344050259,0.371857675
real,0.037506779,0.258370116,0.340442234,0.36368087
real,0.044141948,0.247929829,0.336370644,0.371557578
real,0.041469583,0.274044569,0.336813453,0.347672395
real,0.042848568,0.264295357,0.3358098,0.357046274
real,0.036917765,0.229354232,0.337770528,0.395957475
real,0.042319177,0.27996259,0.337560596,0.340157637
real,0.040894553,0.219924885,0.339438398,0.399742165
real,0.050248258,0.247060203,0.334616485,0.368075054
real,0.052036058,0.27060883,0.331564685,0.345790427
real,0.04645041,0.242246114,0.345506562,0.365796915
real,0.043948027,0.210005884,0.327981741,0.418064348
real,0.032324712,0.217675367,0.330209411,0.41979051
real,0.055856463,0.260514455,0.326335962,0.35729312
real,0.055529495,0.268741013,0.329033279,0.346696213
real,0.042329826,0.259657549,0.334619445,0.36339318
real,0.047633461,0.240091591,0.335123629,0.37715132
real,0.043871838,0.260619076,0.335258414,0.360250672
real,0.049933705,0.263385066,0.332343988,0.354337241
real,0.044132205,0.231662664,0.333276692,0.390928439
real,0.037227972,0.257104097,0.342161317,0.363506613
real,0.052196239,0.272627878,0.333045723,0.34213016
real,0.05094215,0.238544207,0.327973697,0.382539945
real,0.05332221,0.283562596,0.332027795,0.331087399
real,0.049957167,0.281652644,0.330440896,0.337949293
real,0.050550048,0.254121471,0.32900072,0.366327761
real,0.054503019,0.266752237,0.328979751,0.349764993
real,0.025601396,0.230007723,0.347230665,0.397160217
real,0.037263906,0.254490807,0.341497651,0.366747636
real,0.053109612,0.268865098,0.329891667,0.348133623
real,0.046065379,0.288156482,0.334755088,0.331023052
real,0.040037081,0.295998553,0.335691539,0.328272827
real,0.042353645,0.295637249,0.333948533,0.328060572
real,0.049584736,0.251772217,0.329589227,0.36905382
real,0.053413647,0.253247646,0.330413536,0.362925171
real,0.043471363,0.23402738,0.330856098,0.391645158
real,0.054163919,0.269212609,0.329811935,0.346811537
real,0.053872041,0.266817676,0.330290353,0.349019929
real,0.041050532,0.234134441,0.341078372,0.383736655
real,0.046512417,0.230939531,0.338954205,0.383593847
real,0.042466619,0.224319522,0.330312373,0.402901486
real,0.047523234,0.238263829,0.329203911,0.385009025
real,0.049750334,0.264625427,0.334871721,0.350752517
real,0.035676496,0.241227684,0.340983341,0.382112479
real,0.02359336,0.254294575,0.345892994,0.37621907
real,0.050095334,0.256973047,0.330136804,0.362794815
real,0.047078092,0.289479471,0.334070115,0.329372322
real,0.029698733,0.230093127,0.347162008,0.393046133
real,0.039415733,0.2525265,0.340945376,0.36711239
real,0.034745896,0.245953799,0.34453525,0.374765056
real,0.03837785,0.252623162,0.343204294,0.365794694
real,0.034181328,0.236460145,0.346295116,0.383063411
real,0.047235292,0.246236126,0.335706311,0.370822272
real,0.042227009,0.262737814,0.335132659,0.359902519
real,0.038951867,0.216385871,0.335274925,0.409387337
real,0.025070482,0.224969637,0.347570821,0.402389061
real,0.032232213,0.227906946,0.34357153,0.39628931
real,0.025072329,0.208503679,0.347834394,0.418589599
real,0.027279365,0.212673598,0.344017891,0.416029146
real,0.052938458,0.266234996,0.331879277,0.348947268
real,0.050699767,0.266777757,0.332165996,0.35035648
real,0.04537344,0.254255031,0.336273079,0.36409845
real,0.053339147,0.240442959,0.327838212,0.378379682
real,0.046763906,0.253973423,0.332698014,0.366564656
real,0.037964468,0.239259566,0.331863314,0.390912652
real,0.04468508,0.228367055,0.330945523,0.396002342
real,0.040251602,0.255797367,0.332666896,0.371284135
real,0.044795172,0.258987459,0.333211063,0.363006306
real,0.043281686,0.259644427,0.33355073,0.363523157
real,0.05170036,0.261213508,0.330678567,0.356407566
real,0.024678196,0.166476396,0.343168378,0.465677031
real,0.035201453,0.245975358,0.339389725,0.379433464
real,0.041368923,0.254902715,0.335912445,0.367815917
real,0.033673825,0.232610545,0.337977957,0.395737673
real,0.037636782,0.25005976,0.333663021,0.378640437
real,0.043936912,0.253230517,0.33228519,0.370547381
real,0.045155205,0.233065667,0.328694412,0.393084716
real,0.04566133,0.227585867,0.329928733,0.39682407
real,0.050329381,0.250450593,0.329518542,0.369701483
real,0.048832959,0.26083236,0.334067719,0.356266961
real,0.047802044,0.233780648,0.328667031,0.389750277
real,0.051704504,0.245934142,0.328761011,0.373600343
real,0.05043706,0.23612535,0.32703442,0.38640317
real,0.050015268,0.264096618,0.332700374,0.35318774
real,0.048888626,0.25307668,0.33181526,0.366219434
real,0.039623582,0.211747701,0.351363805,0.397264913
real,0.037032155,0.31257935,0.334486433,0.315902062
real,0.033539679,0.340094251,0.337068781,0.289297289
real,0.043561403,0.301017563,0.335003231,0.320417804
real,0.047211501,0.265983817,0.332065815,0.354738867
real,0.051545742,0.24557997,0.324426846,0.378447442
real,0.048900053,0.253035591,0.333841381,0.364222975
real,0.047890573,0.247578862,0.333692663,0.370837902
real,0.041845933,0.308722313,0.33436436,0.315067394
real,0.045504657,0.27952756,0.334036189,0.340931594
real,0.048920249,0.252296062,0.332988606,0.365795083
real,0.047239681,0.234749417,0.330365939,0.387644964
real,0.040797447,0.29498338,0.33731198,0.326907193
real,0.041393005,0.215862954,0.331650082,0.411093959
real,0.05227374,0.238836672,0.323320998,0.38556859
real,0.049596305,0.268577343,0.33130157,0.350524782
real,0.053824435,0.268341188,0.331279979,0.346554398
real,0.04550902,0.254837803,0.336507625,0.363145551
real,0.034155876,0.312523195,0.338768263,0.314552666
real,0.044539334,0.290805016,0.338331598,0.326324052
real,0.050718641,0.258341412,0.332174794,0.358765154
real,0.037318196,0.221139599,0.336276661,0.405265544
real,0.032350727,0.200050303,0.335898452,0.431700518
real,0.038810345,0.204573777,0.334864783,0.421751096
real,0.03190334,0.199127285,0.327227821,0.441741554
real,0.030528314,0.21745377,0.345693394,0.406324522
real,0.023926349,0.170274294,0.342084645,0.463714713
real,0.042886741,0.260496684,0.33441371,0.362202865
real,0.049308826,0.262684051,0.333087494,0.354919629
real,0.048575953,0.263382804,0.333479043,0.3545622
real,0.040900386,0.290841589,0.338451661,0.329806364
real,0.039233787,0.242830158,0.338834004,0.379102051
real,0.034121542,0.2652399,0.345461081,0.355177477
real,0.033899366,0.201685632,0.339687053,0.424727949
real,0.030673395,0.184945849,0.340464172,0.443916584
real,0.056634721,0.269807275,0.328257967,0.345300037
real,0.051485649,0.25944674,0.330023461,0.35904415
real,0.05509205,0.260226841,0.326261041,0.358420067
real,0.052880447,0.257253839,0.329117717,0.360747997
real,0.057808599,0.271466261,0.327420972,0.343304168
real,0.057236549,0.268816141,0.327850822,0.346096488
real,0.055740612,0.269254837,0.329159321,0.345845231
real,0.052968566,0.266551943,0.330467565,0.350011926
real,0.056748681,0.270185018,0.328447264,0.344619038
real,0.048918978,0.260155113,0.332285027,0.358640883
real,0.024320209,0.16243265,0.346286809,0.466960332
real,0.056125586,0.267463306,0.327937554,0.348473554
real,0.057055622,0.268265553,0.327841424,0.346837401
real,0.044297038,0.227597925,0.324495297,0.403609741
real,0.041008692,0.2521669,0.331057906,0.375766501
real,0.05065476,0.284029787,0.333673262,0.33164219
real,0.043644226,0.303293637,0.336569898,0.316492239
models,0.043614432,0.294830307,0.400850869,0.260704391
models,0.039125866,0.218365488,0.368752268,0.373756378
models,0.040671701,0.203908874,0.331798809,0.423620616
models,0.039202461,0.340039745,0.40737941,0.213378384
models,0.037572272,0.20918096,0.371108431,0.382138336
models,0.042567082,0.237589415,0.362807573,0.357035931
models,0.041752436,0.357565121,0.393484874,0.207197569
models,0.041677929,0.349029264,0.393296183,0.215996623
models,0.046331108,0.269210285,0.373987371,0.310471235
models,0.041521259,0.191671613,0.323000495,0.443806634
models,0.044028233,0.210272557,0.342802669,0.402896541
models,0.046804203,0.24202596,0.358170404,0.352999433
models,0.044911291,0.368635698,0.372646638,0.213806373
models,0.044951554,0.202791024,0.323770721,0.428486702
models,0.048181152,0.277635708,0.368517431,0.305665709
models,0.048291975,0.279802643,0.363208176,0.308697206
models,0.050051085,0.216935388,0.332846921,0.400166607
models,0.043704374,0.241112369,0.370707532,0.344475725
models,0.053836227,0.287709922,0.270865517,0.387588335
models,0.048331851,0.234428855,0.461269874,0.25596942
models,0.054175439,0.270661686,0.295795276,0.379367599
models,0.049728679,0.253006407,0.34795477,0.349310144
models,0.055579639,0.26912476,0.29991954,0.375376061
models,0.04898233,0.250838917,0.348812338,0.351366414
models,0.043003004,0.20472951,0.343196064,0.409071423
models,0.044408491,0.372315153,0.375720539,0.207555817
models,0.045848138,0.207066471,0.331688458,0.415396933
models,0.047030097,0.354699944,0.368859377,0.229410582
models,0.045637001,0.309924555,0.379567188,0.264871256
models,0.049854696,0.311287642,0.369048523,0.269809139
models,0.043223744,0.331203392,0.390301,0.235271864
models,0.04260777,0.370302835,0.383391477,0.203697918
models,0.042907734,0.198647055,0.3244968,0.433948411
models,0.053025516,0.250174546,0.312766798,0.38403314
models,0.048838931,0.268034559,0.368771654,0.314354856
models,0.044553887,0.201110112,0.319533989,0.434802013
models,0.045617828,0.300103037,0.385547714,0.268731421
models,0.053355276,0.251876454,0.380798587,0.313969683
models,0.044540903,0.206919769,0.330303315,0.418236013
models,0.050544732,0.253725562,0.351414971,0.344314735
models,0.055683663,0.267643377,0.299109243,0.377563717
models,0.051113427,0.273114249,0.362240954,0.31353137
models,0.055309764,0.251620183,0.365113365,0.327956688
models,0.058381065,0.258371053,0.32714012,0.356107762
models,0.045119632,0.227610802,0.348913515,0.378356051
models,0.049072478,0.277115569,0.369569363,0.30424259
models,0.05051788,0.306794988,0.369246697,0.273440435
models,0.044615927,0.215213795,0.339183026,0.400987252
models,0.052152951,0.248577022,0.315754235,0.383515792
models,0.049647567,0.213917736,0.319358598,0.417076099
models,0.049412025,0.237330679,0.452835259,0.260422037
models,0.056149192,0.254765969,0.361644421,0.327440418
models,0.048484641,0.265440067,0.369831302,0.316243989
models,0.053031804,0.25147584,0.367955436,0.327536921
models,0.055095778,0.290031922,0.295144036,0.359728263
models,0.051567917,0.284889965,0.300173465,0.363368654
models,0.042946086,0.337155706,0.40382788,0.216070328
models,0.056179315,0.257544184,0.353915409,0.332361091
models,0.056607301,0.271684012,0.3100215,0.361687187
models,0.051831512,0.25255007,0.373803329,0.32181509
models,0.054799659,0.268139628,0.317802139,0.359258574
models,0.055812432,0.273318453,0.304937061,0.365932055
models,0.049814138,0.238151884,0.442895144,0.269138834
models,0.050558704,0.246372166,0.396320391,0.30674874
models,0.053102118,0.261754076,0.311104507,0.374039299
models,0.054777956,0.268006682,0.342272021,0.334943342
models,0.054399475,0.259287547,0.345685591,0.340627387
models,0.055389984,0.272793952,0.311273704,0.36054236
models,0.056051978,0.26688362,0.314557204,0.362507198
models,0.056882728,0.258694133,0.347374445,0.337048694
models,0.052748261,0.261391111,0.301470496,0.384390132
models,0.055436549,0.26994551,0.268215922,0.406402019
models,0.052156722,0.257792544,0.32947639,0.360574344
models,0.050009326,0.215101537,0.326029852,0.408859285
models,0.050662157,0.256916972,0.341389004,0.351031867
models,0.051819567,0.289454125,0.365641317,0.293084992
models,0.059776881,0.270026265,0.301928081,0.368268774
models,0.047432728,0.228263931,0.343007283,0.381296058
models,0.053680721,0.265866452,0.310832547,0.369620281
models,0.05490725,0.250704577,0.370124688,0.324263485
models,0.04351908,0.362527976,0.380697719,0.213255225
models,0.050796994,0.259894644,0.358567178,0.330741184
models,0.023093126,0.288503772,0.337898917,0.350504185
models,0.029183045,0.199143047,0.229193626,0.542480281
models,0.028990547,0.15660643,0.192676758,0.621726265
models,0.023407127,0.086656665,0.145995861,0.743940347
models,0.03521369,0.424508712,0.310370438,0.22990716
models,0.042001251,0.491895037,0.28000175,0.186101962
models,0.048920014,0.559444488,0.237763316,0.153872182
models,0.035889126,0.423726454,0.310112047,0.230272372
models,0.04121444,0.480893377,0.286025739,0.191866444
models,0.048193994,0.553639493,0.24232181,0.155844703
models,0.035995933,0.426105317,0.310730493,0.227168257
models,0.041207341,0.480051994,0.287827909,0.190912757
models,0.049117101,0.556648695,0.243333532,0.150900672
models,0.033803717,0.40270028,0.319274369,0.244221635
models,0.039111657,0.457762246,0.299300783,0.203825315
models,0.047716436,0.548339458,0.252159824,0.151784283
models,0.031497685,0.355175445,0.350250399,0.263076471
models,0.034946585,0.382109168,0.350432683,0.232511564
models,0.040796758,0.429336947,0.341288709,0.188577586
models,0.029267096,0.328776664,0.364922644,0.277033596
models,0.031838614,0.345803331,0.372866408,0.249491648
models,0.034909178,0.380730926,0.380830686,0.20352921
models,0.02634098,0.296295181,0.380190087,0.297173751
models,0.026503038,0.297954154,0.399911982,0.275630825
models,0.027297172,0.317148154,0.426024699,0.229529975
